=== Experiment Config ===
Model Name: resnext101_handcraft
Loss Function: ce
Scheduler: cosine
Total Epochs Configured: 100
Initial LR: 0.0001
Used Sampler: True
Loaded Weight (if any): 0329_results/weighted_sampler_ce_resnext101_handcraft_ce_sampler_cosine_0.0001_100_64/weights/last.pt
=========================

Best Epoch: 62
Train Loss: 0.808462
Train Acc: 0.994885
Val Loss: 1.142685
Val Acc: 0.903333

=== Classification Report (Per-Class) ===
              precision    recall  f1-score   support

           0     0.7500    1.0000    0.8571         3
           1     0.7500    1.0000    0.8571         3
           2     0.6667    0.6667    0.6667         3
           3     1.0000    1.0000    1.0000         3
           4     1.0000    1.0000    1.0000         3
           5     1.0000    1.0000    1.0000         3
           6     1.0000    1.0000    1.0000         3
           7     1.0000    0.6667    0.8000         3
           8     1.0000    1.0000    1.0000         3
           9     0.7500    1.0000    0.8571         3
          10     0.7500    1.0000    0.8571         3
          11     0.5000    0.6667    0.5714         3
          12     1.0000    1.0000    1.0000         3
          13     1.0000    1.0000    1.0000         3
          14     1.0000    1.0000    1.0000         3
          15     1.0000    0.6667    0.8000         3
          16     1.0000    1.0000    1.0000         3
          17     1.0000    1.0000    1.0000         3
          18     1.0000    1.0000    1.0000         3
          19     1.0000    1.0000    1.0000         3
          20     0.6667    0.6667    0.6667         3
          21     1.0000    1.0000    1.0000         3
          22     1.0000    1.0000    1.0000         3
          23     1.0000    1.0000    1.0000         3
          24     1.0000    0.6667    0.8000         3
          25     1.0000    1.0000    1.0000         3
          26     1.0000    1.0000    1.0000         3
          27     1.0000    0.6667    0.8000         3
          28     1.0000    0.6667    0.8000         3
          29     1.0000    1.0000    1.0000         3
          30     1.0000    1.0000    1.0000         3
          31     0.7500    1.0000    0.8571         3
          32     1.0000    1.0000    1.0000         3
          33     1.0000    0.6667    0.8000         3
          34     1.0000    1.0000    1.0000         3
          35     1.0000    1.0000    1.0000         3
          36     1.0000    1.0000    1.0000         3
          37     0.7500    1.0000    0.8571         3
          38     1.0000    1.0000    1.0000         3
          39     1.0000    1.0000    1.0000         3
          40     1.0000    1.0000    1.0000         3
          41     1.0000    1.0000    1.0000         3
          42     0.6667    0.6667    0.6667         3
          43     1.0000    1.0000    1.0000         3
          44     1.0000    0.3333    0.5000         3
          45     0.6667    0.6667    0.6667         3
          46     0.7500    1.0000    0.8571         3
          47     0.7500    1.0000    0.8571         3
          48     1.0000    0.6667    0.8000         3
          49     0.5000    0.3333    0.4000         3
          50     1.0000    1.0000    1.0000         3
          51     1.0000    1.0000    1.0000         3
          52     1.0000    1.0000    1.0000         3
          53     0.7500    1.0000    0.8571         3
          54     0.7500    1.0000    0.8571         3
          55     0.7500    1.0000    0.8571         3
          56     1.0000    0.6667    0.8000         3
          57     1.0000    1.0000    1.0000         3
          58     1.0000    0.3333    0.5000         3
          59     0.6000    1.0000    0.7500         3
          60     0.7500    1.0000    0.8571         3
          61     1.0000    1.0000    1.0000         3
          62     0.7500    1.0000    0.8571         3
          63     1.0000    1.0000    1.0000         3
          64     1.0000    1.0000    1.0000         3
          65     1.0000    1.0000    1.0000         3
          66     1.0000    1.0000    1.0000         3
          67     1.0000    1.0000    1.0000         3
          68     1.0000    1.0000    1.0000         3
          69     1.0000    1.0000    1.0000         3
          70     1.0000    1.0000    1.0000         3
          71     1.0000    1.0000    1.0000         3
          72     1.0000    0.6667    0.8000         3
          73     1.0000    1.0000    1.0000         3
          74     1.0000    0.6667    0.8000         3
          75     1.0000    0.6667    0.8000         3
          76     0.5000    0.3333    0.4000         3
          77     1.0000    1.0000    1.0000         3
          78     1.0000    1.0000    1.0000         3
          79     1.0000    1.0000    1.0000         3
          80     0.7500    1.0000    0.8571         3
          81     1.0000    1.0000    1.0000         3
          82     1.0000    1.0000    1.0000         3
          83     1.0000    1.0000    1.0000         3
          84     1.0000    1.0000    1.0000         3
          85     1.0000    1.0000    1.0000         3
          86     0.6667    0.6667    0.6667         3
          87     0.7500    1.0000    0.8571         3
          88     1.0000    1.0000    1.0000         3
          89     0.7500    1.0000    0.8571         3
          90     0.7500    1.0000    0.8571         3
          91     0.7500    1.0000    0.8571         3
          92     1.0000    0.6667    0.8000         3
          93     1.0000    0.6667    0.8000         3
          94     1.0000    1.0000    1.0000         3
          95     1.0000    1.0000    1.0000         3
          96     1.0000    1.0000    1.0000         3
          97     1.0000    1.0000    1.0000         3
          98     1.0000    1.0000    1.0000         3
          99     1.0000    0.3333    0.5000         3

    accuracy                         0.9033       300
   macro avg     0.9193    0.9033    0.8978       300
weighted avg     0.9193    0.9033    0.8978       300
