=== Experiment Config ===
Model Name: resnext101_handcraft
Loss Function: ce
Scheduler: cosine
Total Epochs Configured: 100
Initial LR: 0.0001
Loaded Weight (if any): None
=========================

Best Epoch: 44
Train Loss: 0.759824
Train Acc: 0.987888
Val Loss: 1.124115
Val Acc: 0.896667

=== Classification Report (Per-Class) ===
              precision    recall  f1-score   support

           0     1.0000    1.0000    1.0000         3
           1     1.0000    1.0000    1.0000         3
           2     1.0000    1.0000    1.0000         3
           3     1.0000    1.0000    1.0000         3
           4     1.0000    1.0000    1.0000         3
           5     1.0000    1.0000    1.0000         3
           6     1.0000    0.6667    0.8000         3
           7     1.0000    0.6667    0.8000         3
           8     1.0000    1.0000    1.0000         3
           9     1.0000    1.0000    1.0000         3
          10     1.0000    1.0000    1.0000         3
          11     1.0000    0.6667    0.8000         3
          12     1.0000    1.0000    1.0000         3
          13     1.0000    1.0000    1.0000         3
          14     1.0000    1.0000    1.0000         3
          15     0.6667    0.6667    0.6667         3
          16     1.0000    1.0000    1.0000         3
          17     0.6000    1.0000    0.7500         3
          18     1.0000    0.6667    0.8000         3
          19     1.0000    1.0000    1.0000         3
          20     0.3333    0.3333    0.3333         3
          21     1.0000    1.0000    1.0000         3
          22     0.7500    1.0000    0.8571         3
          23     1.0000    1.0000    1.0000         3
          24     0.6667    0.6667    0.6667         3
          25     1.0000    1.0000    1.0000         3
          26     0.7500    1.0000    0.8571         3
          27     1.0000    1.0000    1.0000         3
          28     1.0000    1.0000    1.0000         3
          29     0.7500    1.0000    0.8571         3
          30     1.0000    1.0000    1.0000         3
          31     0.7500    1.0000    0.8571         3
          32     1.0000    1.0000    1.0000         3
          33     1.0000    0.6667    0.8000         3
          34     0.6000    1.0000    0.7500         3
          35     1.0000    0.6667    0.8000         3
          36     1.0000    1.0000    1.0000         3
          37     1.0000    0.6667    0.8000         3
          38     1.0000    1.0000    1.0000         3
          39     1.0000    1.0000    1.0000         3
          40     1.0000    1.0000    1.0000         3
          41     1.0000    1.0000    1.0000         3
          42     1.0000    0.6667    0.8000         3
          43     1.0000    1.0000    1.0000         3
          44     0.0000    0.0000    0.0000         3
          45     0.6667    0.6667    0.6667         3
          46     0.7500    1.0000    0.8571         3
          47     0.7500    1.0000    0.8571         3
          48     1.0000    0.6667    0.8000         3
          49     0.6667    0.6667    0.6667         3
          50     0.7500    1.0000    0.8571         3
          51     1.0000    1.0000    1.0000         3
          52     1.0000    1.0000    1.0000         3
          53     1.0000    1.0000    1.0000         3
          54     0.7500    1.0000    0.8571         3
          55     0.6667    0.6667    0.6667         3
          56     1.0000    0.6667    0.8000         3
          57     1.0000    1.0000    1.0000         3
          58     1.0000    0.3333    0.5000         3
          59     1.0000    1.0000    1.0000         3
          60     0.7500    1.0000    0.8571         3
          61     0.7500    1.0000    0.8571         3
          62     0.7500    1.0000    0.8571         3
          63     1.0000    1.0000    1.0000         3
          64     0.7500    1.0000    0.8571         3
          65     1.0000    1.0000    1.0000         3
          66     1.0000    1.0000    1.0000         3
          67     0.7500    1.0000    0.8571         3
          68     0.7500    1.0000    0.8571         3
          69     1.0000    1.0000    1.0000         3
          70     1.0000    1.0000    1.0000         3
          71     1.0000    0.6667    0.8000         3
          72     1.0000    1.0000    1.0000         3
          73     1.0000    1.0000    1.0000         3
          74     1.0000    0.6667    0.8000         3
          75     1.0000    0.6667    0.8000         3
          76     1.0000    0.6667    0.8000         3
          77     1.0000    0.6667    0.8000         3
          78     0.7500    1.0000    0.8571         3
          79     1.0000    1.0000    1.0000         3
          80     0.7500    1.0000    0.8571         3
          81     1.0000    1.0000    1.0000         3
          82     1.0000    1.0000    1.0000         3
          83     1.0000    1.0000    1.0000         3
          84     1.0000    1.0000    1.0000         3
          85     1.0000    1.0000    1.0000         3
          86     1.0000    0.6667    0.8000         3
          87     0.7500    1.0000    0.8571         3
          88     1.0000    0.6667    0.8000         3
          89     0.7500    1.0000    0.8571         3
          90     1.0000    1.0000    1.0000         3
          91     0.7500    1.0000    0.8571         3
          92     1.0000    0.6667    0.8000         3
          93     1.0000    1.0000    1.0000         3
          94     0.7500    1.0000    0.8571         3
          95     1.0000    1.0000    1.0000         3
          96     1.0000    1.0000    1.0000         3
          97     1.0000    1.0000    1.0000         3
          98     1.0000    1.0000    1.0000         3
          99     1.0000    0.6667    0.8000         3

    accuracy                         0.8967       300
   macro avg     0.9087    0.8967    0.8901       300
weighted avg     0.9087    0.8967    0.8901       300
